USGS.SN	result	standard deviation	mdc	nucleotide
44322	-2.00E-01	1.40E-01	2.50E-01	Ra224
44323	NA	1.50E-01	2.40E-01	Ra224
44320	4.84E-01	2.80E-01	5.10E-01	Ra224
44321	NA	1.86E-01	3.20E-01	Ra224
43372	2.00E-02	1.30E-01	2.30E-01	Ra224
45344	NA	3.20E-01	4.90E-01	Ra224
45345	NA	1.78E-01	3.20E-01	Ra224
NA	NA	NA	NA	Ra224
45429	NA	3.20E-01	3.50E-01	Ra224
44087	2.70E-01	2.20E-01	3.70E-01	Ra224
44088	4.70E-01	1.86E-01	2.60E-01	Ra224
44179	2.90E-01	2.40E-01	3.90E-01	Ra224
44319	1.13E-01	2.00E+00	3.10E+00	Ra224
44328	4.70E-02	1.94E-01	2.40E-01	Ra224
99904	1.09E-01	NA	NA	Ra224
45219	2.20E-02	2.00E-01	3.70E-01	Ra224
99909	1.11E+00	NA	NA	Ra224
99906	9.64E-01	NA	NA	Ra224
99907	1.52E-01	NA	NA	Ra224
45222	2.15E+00	1.94E-01	3.20E-01	Ra224
43553	2.02E-01	5.00E-01	8.40E-01	Ra224
43468	NA	2.80E-01	5.10E-01	Ra224
99908	8.20E+00	NA	NA	Ra224
45066	5.54E+00	4.00E-01	6.70E-01	Ra224
45426	3.96E+00	1.88E-01	2.50E-01	Ra224
45425	4.93E+00	2.60E-01	3.20E-01	Ra224
45065	NA	2.20E-01	3.10E-01	Ra224
45085	5.80E-01	1.58E-01	2.60E-01	Ra224
45083	3.50E-01	2.40E-01	4.60E-01	Ra224
45084	4.40E-01	1.52E-01	2.70E-01	Ra224
43473	4.90E-01	1.34E-01	2.00E-01	Ra224
47128	4.62E+01	9.40E-02	1.60E-01	Ra224
47129	4.96E+01	8.40E-02	1.40E-01	Ra224
44325	6.37E+01	6.60E-01	8.40E-01	Ra224
43368	7.36E+01	8.20E-01	1.20E+00	Ra224
43475	NA	5.80E-01	1.00E+00	Ra224
43407	8.00E-02	6.20E-01	4.60E-01	Ra224
43831	1.31E-01	1.46E-01	2.20E-01	Ra224
99913	NA	NA	NA	Ra224
43951	NA	1.28E+00	4.50E-01	Ra224
43968	1.17E+00	1.26E+00	3.60E-01	Ra224
44181	5.54E+00	9.00E-01	4.90E-01	Ra224
44182	5.13E+00	7.60E-01	3.60E-01	Ra224
43845	4.76E+00	9.40E-01	6.80E-01	Ra224
43846	3.96E+00	8.00E-01	6.00E-01	Ra224
44329	5.34E+00	7.60E-01	3.50E-01	Ra224
44330	4.93E+00	6.80E-01	2.70E-01	Ra224
99914	NA	NA	NA	Ra224
44316	5.80E-01	6.00E-01	9.00E-01	Ra224
45125	3.50E-01	2.40E-01	3.40E-01	Ra224
44324	4.40E-01	2.20E-01	3.10E-01	Ra224
44967	4.90E-01	2.80E-01	3.90E-01	Ra224
44968	4.49E-01	1.60E-01	2.00E-01	Ra224
45424	4.62E+01	6.40E+00	8.30E-01	Ra224
45423	4.96E+01	7.60E+00	1.10E+00	Ra224
45422	6.37E+01	9.20E+00	9.70E-01	Ra224
45421	7.36E+01	1.06E+01	1.00E+00	Ra224
99905	NA	NA	NA	Ra224
45343	8.00E-02	2.20E-01	3.90E-01	Ra224
45648	1.31E-01	1.16E-01	1.80E-01	Ra224
43409	2.02E+00	6.00E-02	4.60E-01	Ra224
43369	2.62E+00	7.00E-01	6.30E-01	Ra224
43408	9.54E-01	4.20E-01	5.50E-01	Ra224
43544	7.05E+00	1.16E+00	4.70E-01	Ra224
99911	NA	NA	NA	Ra224
NA	NA	NA	NA	Ra224
43370	1.17E+00	3.40E-01	3.30E-01	Ra224
44177	2.79E+00	5.20E-01	5.60E-01	Ra224
44178	3.34E+00	5.80E-01	3.50E-01	Ra224
99912	NA	NA	NA	Ra224
99910	NA	NA	NA	Ra224
45603	4.70E-01	3.00E-01	4.20E-01	Ra224
43949	3.15E-01	2.20E-01	2.80E-01	Ra224
43950	4.06E-01	3.00E-01	4.00E-01	Ra224
43833	7.61E+00	1.66E+00	1.30E+00	Ra224
43546	5.43E-01	4.80E-01	6.80E-01	Ra224
43552	5.80E-01	3.00E-01	3.70E-01	Ra224
45428	1.10E-01	4.40E-01	7.70E-01	Ra224
43824	-2.00E-02	2.80E-01	5.20E-01	Ra224
43467	1.79E-01	1.60E-01	2.30E-01	Ra224
47127	6.04E+00	1.28E+00	1.10E+00	Ra224
43472	1.41E+00	5.40E-01	6.30E-01	Ra224
99903	NA	NA	NA	Ra224
44084	8.00E-02	3.00E-01	5.00E-01	Ra224
44180	4.50E-02	1.54E-01	2.60E-01	Ra224
44085	4.60E-02	1.72E-01	3.00E-01	Ra224
44086	1.28E-01	1.48E-01	2.40E-01	Ra224
45087	5.72E+00	1.00E+00	5.50E-01	Ra224
45088	5.93E+00	9.00E-01	5.80E-01	Ra224
45089	3.39E+00	6.20E-01	4.70E-01	Ra224
45090	3.03E+00	8.80E-01	7.90E-01	Ra224
46849	4.58E+00	8.00E-01	3.90E-01	Ra224
46850	4.95E+00	9.00E-01	4.20E-01	Ra224
43554	1.83E-01	1.16E+00	2.90E-01	Ra224
43622	3.53E-01	2.80E-01	4.00E-01	Ra224
43623	3.07E-01	1.58E-01	2.10E-01	Ra224
45224	1.23E+00	5.20E-01	6.10E-01	Ra224
45223	3.00E-01	2.20E-01	3.30E-01	Ra224
45352	5.00E-02	1.94E-01	3.40E-01	Ra224
NA	NA	NA	NA	Ra224
44966	2.15E-01	1.72E-01	2.70E-01	Ra224
NA		NA	NA	Ra224
43832	1.63E-01	9.60E-02	1.40E-01	Ra224
44176	3.38E-01	1.56E-01	2.10E-01	Ra224
44239	1.50E-01	2.20E-01	3.70E-01	Ra224
44969	5.10E+01	8.40E+00	4.10E+00	Ra224
44970	5.32E+01	9.80E+00	2.30E+00	Ra224
44971	4.86E+01	8.00E+00	2.80E+00	Ra224
44972	4.58E+01	8.00E+00	3.80E+00	Ra224
45220	5.50E+00	4.40E+00	6.80E+00	Ra224
45221	1.18E+01	2.60E+00	1.60E+00	Ra224
99902	NA	NA	NA	Ra224
45002	-6.40E-02	1.96E-01	3.60E-01	Ra224
45052	2.03E-01	1.20E-01	1.70E-01	Ra224
45051	1.65E-01	1.12E-01	1.70E-01	Ra224
43948	9.00E-01	2.40E+00	4.10E+00	Ra224
45086	8.20E-01	1.00E+00	1.60E+00	Ra224
44175	2.47E-01	1.94E-01	2.60E-01	Ra224
99901	NA	NA	NA	Ra224
45348	5.13E-01	1.96E-01	2.30E-01	Ra224
45349	7.10E-01	2.80E-01	3.20E-01	Ra224
45351	4.70E-01	2.00E-01	2.90E-01	Ra224
45350	4.85E-01	1.94E-01	2.30E-01	Ra224
43411	3.25E+00	7.00E-01	2.50E-01	Ra224
44080	8.31E+00	1.50E+00	5.60E-01	Ra224
44078	1.06E+01	1.76E+00	6.50E-01	Ra224
43428	1.85E+01	2.40E+00	3.40E-01	Ra224
44079	1.02E+01	1.68E+00	5.00E-01	Ra224
43477	3.80E-01	2.80E-01	4.20E-01	Ra224
43493	2.10E-01	3.00E-01	4.60E-01	Ra224
43969	6.08E-02	1.26E-01	2.10E-01	Ra224
43914	3.22E-01	1.90E-01	2.40E-01	Ra224
43915	4.69E-01	2.00E-01	2.50E-01	Ra224
43410	1.46E-01	1.90E-01	3.10E-01	Ra224
43371	2.12E+00	4.60E-01	3.30E-01	Ra224
43545	6.11E+00	1.32E+00	6.30E-01	Ra224
43474	4.11E+00	6.20E-01	3.20E-01	Ra224
44322	1.30E-01	4.00E-02	3.40E-02	Ra226
44323	1.31E-01	4.20E-02	3.90E-02	Ra226
44320	1.09E-01	5.20E-02	6.80E-02	Ra226
44321	1.59E-01	5.20E-02	5.10E-02	Ra226
43372	4.92E-02	3.80E-02	5.10E-02	Ra226
45344	8.60E-02	1.00E-01	1.50E-01	Ra226
45345	1.64E-01	6.00E-02	5.30E-02	Ra226
NA	NA	NA	NA	Ra226
45429	2.87E+00	4.80E-01	7.90E-02	Ra226
44087	3.00E-01	9.00E-02	7.60E-02	Ra226
44088	2.72E-01	7.80E-02	4.80E-02	Ra226
44179	2.55E-01	1.28E-01	1.20E-01	Ra226
44319	1.60E-01	4.00E-01	7.10E-01	Ra226
44328	2.13E-01	6.80E-02	5.70E-02	Ra226
99904	NA	NA	NA	Ra226
45219	1.21E-01	4.40E-02	3.90E-02	Ra226
99909	NA	NA	NA	Ra226
99906	NA	NA	NA	Ra226
99907	NA	NA	NA	Ra226
45222	1.61E-01	5.20E-01	3.80E-02	Ra226
43553	1.54E+00	3.20E-01	1.20E-01	Ra226
43468	5.17E-01	1.40E-01	1.10E-01	Ra226
99908	NA	NA	NA	Ra226
45066	6.30E-01	2.20E-01	1.70E-01	Ra226
45426	3.61E-01	9.80E-02	5.50E-02	Ra226
45425	4.85E-01	1.40E-01	7.70E-02	Ra226
45065	2.49E+00	3.60E-01	7.30E-02	Ra226
45085	2.93E-01	8.00E-02	5.60E-02	Ra226
45083	1.09E-01	6.20E-02	7.20E-02	Ra226
45084	5.70E-02	4.40E-02	6.30E-02	Ra226
43473	1.88E-01	5.40E-02	3.30E-02	Ra226
47128	3.66E-01	6.80E-02	2.40E-02	Ra226
47129	3.23E-01	6.00E-02	2.10E-02	Ra226
44325	1.62E+01	2.40E+00	1.90E-01	Ra226
43368	1.23E+01	1.98E+00	1.80E-01	Ra226
43475	3.13E-02	1.12E-01	2.20E-01	Ra226
43407	3.48E+00	6.40E-01	8.90E-02	Ra226
43831	4.48E-01	9.60E-02	6.10E-02	Ra226
99913	NA	NA	NA	Ra226
43951	5.16E+00	7.60E-01	8.10E-02	Ra226
43968	5.18E+00	7.60E-01	8.10E-02	Ra226
44181	8.22E+00	1.18E+00	4.50E-02	Ra226
44182	6.90E+00	9.20E-01	4.20E-02	Ra226
43845	6.39E+00	9.80E-01	5.50E-02	Ra226
43846	5.88E+00	8.80E-01	6.00E-02	Ra226
44329	4.06E+00	5.20E-01	4.70E-02	Ra226
44330	3.72E+00	4.80E-01	3.60E-02	Ra226
99914	NA	NA	NA	Ra226
44316	4.70E-01	2.80E-01	2.60E-01	Ra226
45125	7.86E-01	1.56E-01	4.30E-02	Ra226
44324	1.37E-01	6.00E-02	7.10E-02	Ra226
44967	4.08E-01	1.26E-01	1.20E-01	Ra226
44968	3.16E-01	7.80E-02	6.00E-02	Ra226
45424	8.48E+00	1.20E+00	7.80E-02	Ra226
45423	9.31E+00	1.46E+00	8.50E-02	Ra226
45422	1.14E+01	1.66E+00	4.70E-02	Ra226
45421	1.30E+01	1.92E+00	4.30E-02	Ra226
99905	NA	NA	NA	Ra226
45343	5.70E-02	5.60E-02	8.40E-02	Ra226
45648	2.50E-02	2.60E-02	3.90E-02	Ra226
43409	3.29E+00	6.40E-01	1.10E-01	Ra226
43369	3.02E+00	5.40E-01	1.40E-01	Ra226
43408	3.68E-01	9.20E-02	5.80E-02	Ra226
43544	5.80E+00	8.40E-01	7.60E-02	Ra226
99911	NA	NA	NA	Ra226
NA	NA	NA	NA	Ra226
43370	3.71E-01	1.02E-01	6.60E-02	Ra226
44177	4.01E+00	5.40E-01	6.50E-02	Ra226
44178	3.54E+00	5.20E-01	4.60E-02	Ra226
99912	NA	NA	NA	Ra226
99910	NA	NA	NA	Ra226
45603	2.34E+00	3.66E-01	5.80E-02	Ra226
43949	2.23E+00	3.80E-01	7.10E-02	Ra226
43950	2.91E+00	5.00E-01	1.10E-01	Ra226
43833	8.75E-01	1.60E-01	6.80E-02	Ra226
43546	1.12E+00	2.60E-01	8.30E-02	Ra226
43552	6.33E-01	1.66E-01	9.80E-02	Ra226
45428	1.76E+00	3.20E-01	8.50E-02	Ra226
43824	6.56E-01	1.22E-01	5.70E-02	Ra226
43467	5.33E-01	1.00E-01	3.50E-02	Ra226
47127	3.50E+00	4.40E-01	2.50E-02	Ra226
43472	8.96E+00	1.30E+00	8.20E-02	Ra226
99903	NA	NA	NA	Ra226
44084	6.20E-02	6.80E-02	1.10E-01	Ra226
44180	2.13E-01	5.80E-02	4.10E-02	Ra226
44085	3.40E-02	4.20E-02	6.70E-02	Ra226
44086	4.10E-02	3.20E-02	4.70E-02	Ra226
45087	4.39E+00	6.80E-01	4.60E-02	Ra226
45088	5.10E+00	6.40E-01	3.10E-02	Ra226
45089	3.24E+00	4.40E-01	5.10E-02	Ra226
45090	3.78E+00	6.80E-01	1.20E-01	Ra226
46849	1.97E+00	3.00E-01	3.30E-02	Ra226
46850	1.90E+00	3.20E-02	3.70E-03	Ra226
43554	1.82E-01	7.60E-02	5.60E-02	Ra226
43622	1.68E-01	8.60E-02	6.80E-02	Ra226
43623	1.57E-01	5.40E-02	4.30E-02	Ra226
45224	2.88E-01	8.20E-02	5.70E-02	Ra226
45223	1.79E-01	5.40E-02	4.30E-02	Ra226
45352	1.04E-01	3.60E-02	3.60E-02	Ra226
NA	NA	NA	NA	Ra226
44966	1.46E-01	5.60E-02	5.20E-02	Ra226
NA	NA	NA	NA	Ra226
43832	3.06E-01	6.80E-02	3.70E-02	Ra226
44176	2.34E-01	6.00E-02	4.40E-02	Ra226
44239	5.10E-02	5.60E-02	8.90E-02	Ra226
44969	8.50E-01	6.40E-01	9.90E-01	Ra226
44970	4.40E-01	3.60E-01	5.20E-01	Ra226
44971	3.40E-01	2.80E-01	3.90E-01	Ra226
44972	2.00E-01	3.80E-01	6.70E-01	Ra226
45220	1.63E+00	5.00E-01	3.80E-01	Ra226
45221	1.06E+00	3.00E-01	2.10E-01	Ra226
99902	NA	NA	NA	Ra226
45002	4.10E-02	3.40E-02	5.00E-02	Ra226
45052	1.49E-01	5.00E-02	5.20E-02	Ra226
45051	1.72E-01	4.60E-02	3.50E-02	Ra226
43948	5.40E-01	2.40E-01	2.50E-01	Ra226
45086	3.50E-01	2.60E-01	3.40E-01	Ra226
44175	7.50E-02	6.00E-02	6.90E-02	Ra226
99901	NA	NA	NA	Ra226
45348	4.55E-01	9.80E-02	5.40E-02	Ra226
45349	6.51E-01	1.40E-01	5.80E-02	Ra226
45351	1.43E+00	2.20E-01	2.80E-02	Ra226
45350	1.82E+00	2.80E-01	4.30E-02	Ra226
43411	1.94E+00	4.00E-01	8.10E-02	Ra226
44080	1.63E+00	3.80E-01	1.30E-01	Ra226
44078	1.73E+00	3.80E-01	1.30E-01	Ra226
43428	2.89E+00	4.20E-01	4.30E-02	Ra226
44079	1.86E+00	3.80E-01	1.20E-01	Ra226
43477	9.57E+00	1.34E+00	6.40E-02	Ra226
43493	1.01E+01	1.44E+00	5.50E-02	Ra226
43969	9.06E-02	4.20E-02	5.10E-02	Ra226
43914	4.30E-01	1.34E-01	7.40E-02	Ra226
43915	4.53E-01	1.28E-01	7.40E-02	Ra226
43410	9.99E-02	5.20E-02	6.80E-02	Ra226
43371	8.79E-01	1.70E-01	5.60E-02	Ra226
43545	1.61E+00	4.00E-01	1.30E-01	Ra226
43474	1.66E+00	2.40E-01	4.60E-02	Ra226
44322	5.12E-02	2.90E-01	7.49E-01	Ra228
44323	NA	NA	NA	Ra228
44320	NA	NA	NA	Ra228
44321	1.75E-01	2.60E-01	6.72E-01	Ra228
43372	3.37E-01	3.10E-01	7.39E-01	Ra228
45344	4.35E-01	3.00E-01	5.81E-01	Ra228
45345	3.92E-01	3.60E-01	8.72E-01	Ra228
NA	NA	NA	NA	Ra228
45429	8.11E-01	4.10E-01	7.93E-01	Ra228
44087	5.32E-01	3.50E-01	7.31E-01	Ra228
44088	2.52E-01	2.90E-01	7.29E-01	Ra228
44179	5.46E-01	3.30E-01	5.91E-01	Ra228
44319	7.22E-01	3.90E-01	7.68E-01	Ra228
44328	3.12E-01	2.90E-01	6.96E-01	Ra228
99904	NA	NA	NA	Ra228
45219	2.36E-02	2.70E-01	7.68E-01	Ra228
99909	NA	NA	NA	Ra228
99906	NA	NA	NA	Ra228
99907	NA	NA	NA	Ra228
45222	2.71E-01	3.30E-01	8.18E-01	Ra228
43553	2.06E-01	2.30E-01	5.23E-01	Ra228
43468	8.14E-01	3.60E-01	5.31E-01	Ra228
99908	NA	NA	NA	Ra228
45066	8.58E-02	3.00E-01	8.21E-01	Ra228
45426	5.37E-01	3.40E-01	7.29E-01	Ra228
45425	3.92E-01	3.60E-01	8.72E-01	Ra228
45065	1.77E-01	3.10E-01	8.15E-01	Ra228
45085	1.66E-01	2.40E-01	5.63E-01	Ra228
45083	1.56E-01	2.60E-01	6.17E-01	Ra228
45084	2.94E-01	2.80E-01	5.88E-01	Ra228
43473	4.69E-01	3.30E-01	7.36E-01	Ra228
47128	2.14E-01	3.50E-01	8.98E-01	Ra228
47129	NA	NA	NA	Ra228
44325	1.09E+00	4.15E-01	4.97E-01	Ra228
43368	1.28E+00	4.30E-01	4.28E-01	Ra228
43475	1.97E-01	2.70E-01	6.87E-01	Ra228
43407	2.45E+00	7.40E-01	7.95E-01	Ra228
43831	7.47E-01	4.50E-01	9.33E-01	Ra228
99913	4.33E-01	3.70E-01	8.70E-01	Ra228
43951	6.60E+00	1.60E+00	8.26E-01	Ra228
43968	NA	NA	NA	Ra228
44181	NA	NA	NA	Ra228
44182	5.20E+00	1.30E+00	4.91E-01	Ra228
43845	NA	NA	NA	Ra228
43846	3.89E+00	1.10E+00	9.85E-01	Ra228
44329	3.64E+00	9.65E-01	7.43E-01	Ra228
44330	3.36E+00	8.90E-01	6.94E-01	Ra228
99914	2.28E-01	2.90E-01	7.40E-01	Ra228
44316	3.12E-01	3.10E-01	7.16E-01	Ra228
45125	8.33E-01	4.60E-01	8.90E-01	Ra228
44324	4.60E-01	3.50E-01	7.17E-01	Ra228
44967	NA	NA	NA	Ra228
44968	2.52E-01	3.40E-01	8.25E-01	Ra228
45424	NA	NA	NA	Ra228
45423	3.64E+01	7.90E+00	9.04E-01	Ra228
45422	NA	NA	NA	Ra228
45421	7.23E+01	1.50E+01	8.78E-01	Ra228
99905	NA	NA	NA	Ra228
45343	1.99E-01	3.20E-01	8.47E-01	Ra228
45648	1.42E-01	3.10E-01	8.37E-01	Ra228
43409	2.15E+00	7.00E-01	8.94E-01	Ra228
43369	2.50E+00	7.30E-01	5.12E-01	Ra228
43408	6.04E-01	3.90E-01	8.15E-01	Ra228
43544	6.03E+00	1.50E+00	5.20E-01	Ra228
99911	5.00E-01	3.60E-01	8.13E-01	Ra228
NA	NA	NA	NA	Ra228
43370	1.11E+00	4.70E-01	7.88E-01	Ra228
44177	5.77E+00	1.40E+00	7.98E-01	Ra228
44178	NA	NA	NA	Ra228
99912	NA	NA	NA	Ra228
99910	NA	NA	NA	Ra228
45603	6.84E-01	3.70E-01	7.40E-01	Ra228
43949	NA	NA	NA	Ra228
43950	6.35E-01	4.80E-01	1.04E+00	Ra228
43833	4.40E-01	3.80E-01	8.80E-01	Ra228
43546	5.05E-01	3.10E-01	6.54E-01	Ra228
43552	3.70E-01	2.60E-01	5.13E-01	Ra228
45428	3.86E-01	3.40E-01	8.06E-01	Ra228
43824	2.62E-01	2.90E-01	6.37E-01	Ra228
43467	7.12E-01	3.40E-01	6.08E-01	Ra228
47127	3.43E+00	9.50E-01	8.40E-01	Ra228
43472	1.57E+00	5.20E-01	6.70E-01	Ra228
99903	NA	NA	NA	Ra228
44084	2.60E-01	3.10E-01	7.18E-01	Ra228
44180	5.23E-01	3.10E-01	5.51E-01	Ra228
44085	NA	NA	NA	Ra228
44086	3.37E-01	3.20E-01	7.22E-01	Ra228
45087	3.87E+00	1.04E+00	5.94E-01	Ra228
45088	NA	NA	NA	Ra228
45089	1.77E+00	5.40E-01	4.74E-01	Ra228
45090	NA	NA	NA	Ra228
46849	4.67E+00	1.20E+00	8.48E-01	Ra228
46850	NA	NA	NA	Ra228
43554	7.75E-01	3.60E-01	6.47E-01	Ra228
43622	NA	NA	NA	Ra228
43623	6.31E-01	3.10E-01	4.77E-01	Ra228
45224	1.69E+00	5.70E-01	5.65E-01	Ra228
45223	8.11E-01	4.40E-01	8.73E-01	Ra228
45352	4.63E-01	3.60E-01	8.45E-01	Ra228
NA	NA	NA	NA	Ra228
44966	4.74E-01	3.30E-01	7.38E-01	Ra228
NA	NA	NA	NA	Ra228
43832	4.07E-01	4.00E-01	9.15E-01	Ra228
44176	4.38E-01	3.00E-01	5.65E-01	Ra228
44239	4.32E-01	2.70E-01	4.92E-01	Ra228
44969	9.39E-01	5.30E-01	1.04E+00	Ra228
44970	NA	NA	NA	Ra228
44971	1.05E+00	4.90E-01	8.78E-01	Ra228
44972	NA	NA	NA	Ra228
45220	1.70E+00	5.70E-01	7.61E-01	Ra228
45221	NA	NA	NA	Ra228
99902	NA	NA	NA	Ra228
45002	2.40E-01	2.90E-01	7.28E-01	Ra228
45052	NA	NA	NA	Ra228
45051	1.65E-01	3.10E-01	8.26E-01	Ra228
43948	4.64E-01	3.20E-01	6.29E-01	Ra228
45086	NA	NA	NA	Ra228
44175	5.02E-01	3.60E-01	8.05E-01	Ra228
99901	NA	NA	NA	Ra228
45348	8.16E-01	3.80E-01	5.88E-01	Ra228
45349	9.43E-01	4.20E-01	7.42E-01	Ra228
45351	8.35E-01	4.20E-01	7.88E-01	Ra228
45350	NA	NA	NA	Ra228
43411	4.34E+00	1.10E+00	7.69E-01	Ra228
44080	5.02E+00	1.30E+00	5.31E-01	Ra228
44078	6.60E+00	1.70E+00	6.88E-01	Ra228
43428	NA	NA	NA	Ra228
44079	5.90E+00	1.50E+00	7.18E-01	Ra228
43477	3.40E-01	2.80E-01	5.71E-01	Ra228
43493	NA	NA	NA	Ra228
43969	2.34E-01	2.70E-01	6.76E-01	Ra228
43914	5.96E-01	3.50E-01	7.28E-01	Ra228
43915	NA	NA	NA	Ra228
43410	3.53E-01	2.80E-01	5.63E-01	Ra228
43371	1.18E+00	4.80E-01	7.89E-01	Ra228
43545	2.41E+00	7.10E-01	5.76E-01	Ra228
43474	2.99E+00	8.50E-01	6.26E-01	Ra228
