     3.77591  5.90821  0.72853  0.69898  2.18034 14.47484
     6.14781  2.69841  4.78284  0.73523  6.95368  3.81015
     6.18802 22.11967  5.27272  5.17622  9.38018  3.27373
     1.68467  2.94240 11.82258  3.20946  1.47060  2.82933
     0.53036  0.29720  2.89356 19.79466  5.86656  4.98406
     7.17643  0.18634  1.62005  6.60234  1.01755  5.11363
     1.50870  3.62607  3.75771  1.17514  5.39941  5.14123
     6.46131  6.26553  2.77321  1.50641  6.46562  4.97278
     2.57087 10.03916  2.11121 10.89386 16.08895  2.78915
     2.97309  4.88698  1.04933  1.54724  5.52968  3.87094
     0.44837  5.54088  1.23632  7.85993 24.16406  2.15566
    13.65195  5.68416  4.06684  4.18503  8.92383 11.56236
    14.54944  1.42795  1.94393  0.26028  1.75935  7.82621
     4.07268 13.79622  1.93097  5.04128  4.09257  0.29631
    11.41927  4.02085  7.91848  6.16896  6.72822 10.50189
     5.17549  2.23726  5.21804  1.30414  3.40615  1.31869
     2.23303  1.05303  0.66286  1.74444
