Year 
2002 
2001
2000
1999
1998
1997
1996
1995
1994
1993
1992
1991
1990
1989
1988
1987
1986
1985
1984
1983
1982
1981
1980
1979
1978
1977
1976
1975
1974
1973
1972
1971
1970
1969
1968
1967

median
42409
42900
43848
43915
42844
41346
40503
39931
38726
38287
38482
38791
39949
40484
39767
39453
38975
37648
36921
36001
35986
36042
36608
37784
37826
35545
35345
34763
35719
36855
36126
34669
35030
35266
33968
32591

mean
57852
59134
59664
59067
57134
55522
53776
52659
51771
50772
48788
48829
49902
51148
49688
49065
48152
46332
45238
43865
43369
43059
43539
44883
44520
42166
41575
40593
41770
42623
42046
39873
40111
40122
38430
36452